max corr

ans =

            0
            0
      0.87794
      0.90836
            0
            0
      0.88442
      0.90114
      0.86889
            0
       0.9125
            0
            0
            0
       0.8707
            0
      0.88529
            0
            0
            0
            0
            0
            0
            0
            0
            0
            0
            0
            0
            0
            0
            0
            0
            0
      0.88635
            0
            0
            0
            0
            0
            0
            0
            0
            0
            0
            0
            0
            0
            0
            0
            0
            0
            0
            0
            0
            0
            0
            0
            0
            0

mean IV1

ans =

            1
       2.7767
       1.1429
      0.19389
      0.17868
      0.15763
      0.14036
      0.18657
      0.13099
      0.35367
       3.6038
       6.1352
       4.4542
      0.46166
      0.45438
      0.42124
      0.50483
      0.38739
       10.346
     0.089302
      0.16043
       3.6127
       7.8756
      0.00854
      0.79127
       1.0315
     0.030159
      0.67162
      0.96537
      0.42612
       2.3078
       22.255
      0.54031
      0.20411
     0.063895
     0.043016
       1.0053
      0.42467
     0.087005
     0.066955
       1.7907
       2.8252
        5.578
      0.10662
      0.08405
      0.15288
     0.084739
      0.13549
      0.14846
     0.090641
     0.083701
     0.024292
     0.016121
    0.0082703
     0.015472
      0.72798
       1.0096
     0.054965
       4.1534
      0.91166
       10.401

max corr

ans =

      0.90836
            0
            0
      0.88442
      0.90114
      0.92918
            0
       0.9125
            0
            0
       0.8707
            0
      0.88529
            0
            0
            0
            0
            0
            0
            0
            0
            0
            0
            0
            0
            0
            0
            0
            0
            0
            0
            0
            0
            0
            0
            0
            0
            0
            0
            0
            0
            0
            0
            0
            0
            0
            0
            0
            0
            0
            0
            0
            0
            0
            0
            1
            0
            0
      0.97862
            0
            0

您的初始点 x0 不在边界 lb 和 ub 之间；
FMINCON 已对 x0 进行了移位以严格满足边界条件。

                                            First-order      Norm of
 Iter F-count            f(x)  Feasibility   optimality         step
    0       1    1.870729e+00    0.000e+00    2.469e+01
    1      10    1.397876e+00    0.000e+00    8.328e+00    1.311e-01
    2      12    1.233989e+00    0.000e+00    1.490e+01    6.001e-02
    3      15    1.277649e+00    0.000e+00    8.335e+00    4.129e-01
    4      17    5.432374e-01    0.000e+00    1.821e+01    3.800e-01
    5      24    5.107867e-01    0.000e+00    4.694e+00    2.001e-01
    6      27    4.881955e-01    0.000e+00    3.427e+00    9.656e-02
    7      28    4.589608e-01    0.000e+00    7.009e+00    3.561e-01
    8      31    3.665394e-01    0.000e+00    1.117e+00    3.245e-01
    9      32    3.384224e-01    0.000e+00    1.603e+00    2.028e-01
   10      35    3.028860e-01    0.000e+00    1.078e+00    1.071e-01
   11      41    2.996404e-01    0.000e+00    7.936e-01    6.222e-02
   12      43    3.023221e-01    0.000e+00    1.139e+00    5.775e-02
   13      44    3.256674e-01    0.000e+00    1.855e+00    5.048e-01
   14      45    3.105831e-01    0.000e+00    5.915e-01    8.533e-02
   15      51    3.146597e-01    0.000e+00    2.243e-01    6.682e-02
   16      52    3.165306e-01    0.000e+00    1.365e-01    1.163e-01
   17      59    3.164265e-01    0.000e+00    1.267e-01    5.214e-02
   18      63    3.124813e-01    0.000e+00    1.324e+00    2.630e-02
   19      70    3.109912e-01    0.000e+00    1.985e+00    1.708e-02
   20      75    3.094045e-01    0.000e+00    1.519e+00    1.873e-02
   21      81    3.084732e-01    0.000e+00    1.765e+00    9.825e-03
   22      86    3.062304e-01    0.000e+00    1.572e+00    9.701e-03
   23      91    3.017417e-01    0.000e+00    1.114e+00    1.772e-02
   24      95    3.010574e-01    0.000e+00    1.302e+00    6.856e-03
   25      98    2.751944e-01    0.000e+00    2.563e+00    2.408e-01
   26     108    2.748651e-01    0.000e+00    1.217e+00    7.245e-03
   27     113    2.741466e-01    0.000e+00    1.037e+00    6.937e-03
   28     118    2.735725e-01    0.000e+00    1.076e+00    1.240e-02
   29     123    2.724353e-01    0.000e+00    7.783e-01    1.165e-02
   30     128    2.704813e-01    0.000e+00    5.744e-01    2.637e-02

                                            First-order      Norm of
 Iter F-count            f(x)  Feasibility   optimality         step
   31     133    2.679976e-01    0.000e+00    6.022e-01    4.799e-02
   32     135    2.664587e-01    0.000e+00    5.095e-01    6.206e-02
   33     143    2.655389e-01    0.000e+00    6.537e-01    1.452e-02
   34     149    2.650780e-01    0.000e+00    4.564e-01    5.086e-03
   35     155    2.648211e-01    0.000e+00    4.568e-02    5.401e-03
   36     162    2.646932e-01    0.000e+00    7.452e-02    1.352e-03
   37     167    2.646246e-01    0.000e+00    4.673e-02    1.661e-03
   38     173    2.645901e-01    0.000e+00    4.609e-02    5.709e-04
   39     179    2.645643e-01    0.000e+00    4.874e-02    3.862e-04
   40     186    2.645612e-01    0.000e+00    4.823e-02    8.169e-05

<a href = "matlab: helpview('optim','local_min_poss_with_constr','CSHelpWindow');">可能存在局部最小值。满足约束</a>。

fmincon 已停止，因为<a href = "matlab: helpview('optim','norm_curr_step_simple_fminconip','CSHelpWindow');">当前步长</a>小于
<a href = "matlab: helpview('optim','step_size_tol','CSHelpWindow');">步长容差</a>值并且在<a href = "matlab: helpview('optim','constraint_tolerance','CSHelpWindow');">约束容差</a>值范围内满足约束。

<<a href = "matlab: createExitMsg({'optimlib:sqpLineSearch:Exit2basic','fmincon'},{'optimlib:sqpLineSearch:Exit2detailed','1.000000e-10','0.000000e+00','1.000000e-06'},true,true);;">停止条件详细信息</a>>

theta =

      -1.2667
     -0.74587
      -5.7397
     -0.13829
     -0.59425
      -8.2299
      0.12363
     0.048711
    0.0040728
   -0.0020268
      0.17158
     -0.25782
     -0.12281
     0.042475
     0.033068
     -0.22506
    -0.038366
     0.022257
    -0.081837
     0.030929
      0.85161
     0.098109
     -0.16079
       1.3424
    -0.032703
     -0.19355
      0.11362
     0.030587
     -0.12769
    -0.048435
    -0.083393
    0.0027359
     0.023207
    -0.027309
     -0.08223
     -0.12951
      0.22305
      0.64405


fval =

      0.26456


exitflag =

     2


output = 

  包含以下字段的 <a href="matlab:helpPopup struct" style="font-weight:bold">struct</a>:

         iterations: 41
          funcCount: 210
    constrviolation: 0
           stepsize: 1.4889e-10
          algorithm: 'interior-point'
      firstorderopt: 0.048227
       cgiterations: 199
            message: '可能存在局部最小值。满足约束。↵↵fmincon 已停止，因为当前步长小于↵步长容差值并且在约束容差值范围内满足约束。↵↵<停止条件详细信息>↵↵优化已停止，因为 x 的所有元素的相对变化↵小于 options.StepTolerance = 1.000000e-10，↵并且相对最大约束违反值 0.000000e+00 小于 options.ConstraintTolerance = 1.000000e-06。'
       bestfeasible: [1×1 struct]


laglamb = 

  包含以下字段的 <a href="matlab:helpPopup struct" style="font-weight:bold">struct</a>:

         eqlin: [0×1 double]
      eqnonlin: [0×1 double]
       ineqlin: [0×1 double]
         lower: [38×1 double]
         upper: [38×1 double]
    ineqnonlin: [0×1 double]


